11010010011010110011101011110101
10110010101011100110100011000000
01010000010011000110111010101001
11110100110111111110010101011100
00001000011101101101100111111001
00010001011000001101010001010101
11000001110000101100000100111011
00000111011011010001000010010111
01010010011100101011001001011000
10111111110100010010101100000101
11001101101001010011110000101100
00011000110110101010111000010111
11110001000100001110010110110001
01111001001001001011111100001111
11011010100100111101000001111110
10010001011000100111100101111000
00011110100111100100011010001001
01111110000010111100100101011011
11110000111111010010010010011110
10001101101001110000100010001111
11101000011101010101101100011000
00110100001111001010010110110011
10100000110101001000101111111101
00011010010011010100111001001010
11101001000010001011011011100000
11011100100000110100001110000011
10101010001010110000011010001000
10011111100110110110111000010000
00111010101001111111101100101111
10010101011101100011001000001010
00000011000101100111010101001101
10101111010111001101011001001011
